[[-0.277715981 -0.0609863]]
[[-0.277715981 -0.0609863]]
[[-0.121935904 -0.071513474]]
[[-0.261825264 -0.0893834308]]
[[-0.169909298 -0.0886192247]]
[[-0.243698359 -0.0959995911]]
[[-0.192543894 -0.0943125784]]
[[-0.231949121 -0.0977174193]]
[[-0.204008952 -0.0964590237]]
[[-0.225079939 -0.0981134623]]
[[-0.209960073 -0.0973289758]]
[[0.934069574 -0.678580582]]
[[0.803011417 -0.124570489]]
[[0.710076869 -0.206687525]]
[[0.638686597 -0.300715]]
[[0.587004185 -0.415416688]]
[[0.552630067 -0.527534962]]
[[0.529097557 -0.588001668]]
[[0.509396315 -0.60785228]]
[[0.490436167 -0.619823694]]
[[0.471703351 -0.63105911]]
[[-0.00327499863 -1.01737821]]
[[-0.0251953509 -0.854939759]]
[[-0.0477571189 -0.859752655]]
[[-0.0708759949 -0.864437521]]
[[-0.0945595801 -0.868778884]]
[[-0.118815675 -0.872719944]]
[[-0.143637896 -0.876227438]]
[[-0.168997109 -0.879266262]]
[[-0.194832489 -0.8817963]]
[[-0.22104007 -0.883770466]]
